12                           'there are 12 surfaces.
27	4	
-10	-2	70
130	-2	30
130	130	65
-10	130	100
-10	19	75
-10	28	80
-10	36	85
-10	53.3	90
-10	70	95
20	7	65
20	25	75
20	60	85
20	80	91
40	3.4	55
40	18.3	60
40	46.2	70
40	76.8	80
40	100	87
60	9.5	40
60	15.9	50
60	50	60
60	82	70
90	8	33
90	18	40
90	45.4	50
90	80	60
90	98	65

27	4	
-10	-2	40
130	-2	2.0
130	130	35
-10	130	70
-10	19	45
-10	28	50
-10	36	55
-10	53.3	60
-10	70	65
20	7	35
20	25	45
20	60	55
20	80	61
40	3.4	25
40	18.3	30
40	46.2	40
40	76.8	50
40	100	57
60	9.5	10
60	15.9	20
60	50	30
60	82	40
90	8	10
90	18	10
90	45.4	20
90	80	30
90	98	35 
   
6   4
-10 -10  52.5 
130 -10  52
130 130  21
-10 130  30
40  -10 60      
55 45  55.5

6   4
-10  -10  32.5
130  -10  34         ! 32
130 130  30
-10 130  35
40  10  44
35 45  43.5	

 6   4
 -10  -10  16.5
130  -10  12
130 130  10
-10 130  15
40  10 32
35 45  25.5

8   4
 -10  -10  66.5
130  -10  62
130 130  40
-10 130  65
40  10    59
35  45   58
60  50  53
55 55  57.5

8   4
 -10  -10  37.5
130  -10  33
130 130  24
-10 130  19
40  10   38
35  45  33
60  50  30
55 55  28

5   4
 -10  -10  76.3
130  -10  71
130 130  41
-10 130  43 
60  50 56
 
5   4
 -10  -10  65.3
130  -10  32
130 130  29.5
-10 130 69.8
60  50   46
 
5   4
 -10  -10  35.3
130  -10  35.9
130 130  79.5
-10 130  89.8
   60  50  66.8

5   4
 -10  -10   -5.3
130  -10  15.9
130 130  89.5
-10 130  39.8  
   60  50  36.8      

 5   4
 -10  -10   63
130  -10  79
130 130  19.5
-10 130  9.8  
   60  50  38      



15 2.4       ! the maximum length of triangles of slave surface,  the length of step 
0                !delaunary or not. 0 means no and 1 means yes.
4    8         £¡two control parameters of delaunary.
	 
  

 





